[
    0.00169,
    0.00171,
    0.00178,
    0.0017905,
    0.0017599,
    0.001741,
    0.0017131,
    0.0017126,
    0.001759,
    0.00175,
    0.0017599,
    0.00175,
    0.0017174,
    0.00173,
    0.0017492,
    0.001737,
    0.0017496,
    0.0017485,
    0.0017479,
    0.0017475,
    0.001738,
    0.0017305,
    0.0017062,
    0.00171,
    0.0017149,
    0.0016656,
    0.001662,
    0.001666,
    0.0016713,
    0.001672,
    0.0016809,
    0.00168,
    0.0016799,
    0.0016762,
    0.0016762,
    0.0016995,
    0.0017071,
    0.001685,
    0.0017321,
    0.0017271,
    0.0017145,
    0.0017095,
    0.0017,
    0.0017043,
    0.0017187,
    0.0017162,
    0.001712,
    0.0016989,
    0.00169,
    0.00169,
    0.0016967,
    0.0016877,
    0.0016923,
    0.0016814,
    0.0016844,
    0.0016684,
    0.0016624,
    0.0016661,
    0.0016812,
    0.0016933,
    0.0016809,
    0.0016968,
    0.0016837,
    0.0016647,
    0.0016539,
    0.0016635,
    0.0016591,
    0.0016188,
    0.00162,
    0.0016063,
    0.001621,
    0.0016414
]
[ 0, 2, 4, 1, 3 ] 2
{
    "it": 6,
    "k": 5,
    "idxs": [
        2,
        2,
        4,
        4,
        3,
        3,
        2,
        2,
        3,
        3,
        3,
        3,
        2,
        3,
        3,
        3,
        3,
        3,
        3,
        3,
        3,
        3,
        2,
        2,
        2,
        1,
        1,
        1,
        1,
        1,
        1,
        1,
        1,
        1,
        1,
        2,
        2,
        1,
        3,
        3,
        2,
        2,
        2,
        2,
        2,
        2,
        2,
        2,
        2,
        2,
        2,
        1,
        2,
        1,
        1,
        1,
        1,
        1,
        1,
        2,
        1,
        2,
        1,
        1,
        1,
        1,
        1,
        0,
        0,
        0,
        0,
        0
    ],
    "centroids": [
        0.0016215000000000001,
        0.0017445411764705882,
        0.0016730208333333334,
        0.00178525,
        0.0017047499999999999
    ]
}
61
0.0016968 1.038560411311054
